1	0
2	6
3	36
4	1784
5	248100
6	163368672
7	374039877120
8	3634505262547140
9	131014702247355173268
10	19486922881180396494360704
11	11071761759794800719255708288852
12	25665751807523359862244873284491723032
13	230742156524667756656360709007952428934748834
14	8413643983500259555824809495730616784663167811027864
15	1200217571412358453232630389571960151960701428278408508645800
16	691903434659583472113680578406252440300974125894834365308317460618620
17	1568973483162092397113814526455911063925904073165000998851446878933211656076404
18	14343625835298028051948079147366178240591230024987774002206880572017840133791805023645632
19	517689207654348364332948496335990035157221849304460880263228172063126675107491159622677097742443668
20	75203209211760738877361728457524752297022323641565918941800240930917012158506367903047001764559723851315196712
21	43239824855834719909267243086653750015970246454819029554311870935753759955208668274909008081421807336898495022668677721000
22	99948171764782774246808191943516823510398600161184348208050818055575729132550857809830734482509369952393809508880187010005997325971792
23	916137889738355797904303479367546328905163839937264690478320426383359976744580417566480437040001378752399064242027345886683285038165574341490749244
24	33729505734130274024832664783133670395876942251520099051103055216685830873727411738248341882088145232409498144226283600641708351249300411639681608949480990645664
25	4931384934769891329592418106443574573773608479418720143014521241592364574396923661854030104278400161319709845206945816982510035481085028741063460883347645722534979535054452500
26	2894022871321340297433206407724687190932779553507721251794289365003298494249978295812622115364621222343253695647157247606859326109120179209873857177525838743990734483027204482549328400587112
27	6751810359032371689024674876011191256411279385843129710278380140308918436907163486075212868709796524647251979419030516858124902328750723194119435981438983415769637114084439423764045777865622082565235942100
28	63195757853586529283627015823860471481742376778672582140166281362660137592407854961365089415701648245215720349284763738990626537952794648310232832834727992248796481735125611969676771660820366260225043420608990757028311320
29	2353510609711139639500648833479074287163876356164412265473325546107588211356400953163082256971917258350974915836389954623340619110427303083951374175768520078174383078025433178001188860306981879395810243545550551743306652987782977601108640
30	351492178947813619170669244392210564856454436236537261778720011459031561278574162425628320250646095566381759143972010342510911833029251947964633391125681932437034986289787277444653926442872718972398440586184351072259699225679188268687918991241020595487960
31	209014883378878608474886574668468506148055232321803508148759337968689544319417047224601402685920006967940654145658373582166140131110519107072842894615521771927180524459805281900518555041074818752770035812026052445479566712777169459252883016465631687853211413676543076190840
32	498271936033637419787947895106464023919592786420534551987268090526021100929424785650331098668781942384455677363022316570419481761886609647463250041250002001282354477960965537583443296028948397053400518511744484854666529721094788931994431562412001000598640323362902465684333842101435649943660
33	4732204796990674894870615078359302031762607019247075062205973705019772913136149781117856649811827673099946525438870760782264372011619809245684972141804831040569823342859193546848889779588273579159792968898416689484001590224283895884145701811872318198273548271131144454768255104976900508093576902070089134754100
34	180123698479287236337985164094144312431448001983472841870910790000139493642114831160606987557622691660856954490735679875636640518564986459661944173017498188149270595718677983583866240737822754462419541266712138464440085300415302970700332926433449814266887786015988843914270075253511774850621135355743516001813050720945841364532800
35	27326824732535496125338057685007756805211068626362634189175247237424271209343617768217938003269947132128924744796061494540929353950967998294953116524106129305186192614923477364953010758610897187118211407285953486922372430333724422085765762881303987071110796540216738917182149450484466349639012713997127036642629881740361212602196339692956567766575500
36	16611942663971331979144891211863154734093070702293413800125370046916287566215620579359003137691637956907075902114506060666217613648744843734594658672219812159634708502626318207825880674662489429139646478533121155484895897880901330381217309469606205685801708094096997621181365000659354355967445052273677313230294986914701299582505847438440454884277311953017986639159086600
37	40265434517977003459745020063909547781815286973126713567525706880091516851144649295994147777304959513108866806470309805647755613598715784661307375522247731247494069404608082645163628083342012308804795930084616157094894743098540530317166576295838383904576972568290583586121079087677654118367349707074035486340534588511817269404046269820559024677673315149685047055363387606639691972984996643008
38	390999144808280973765917856265023095520779594518773426118263596720418845513909815952726148848155363844042718159691060589795031542301718780396015207373798706993804858288488743616195205693175877296127013020996109025713284498351226022010883772915520147913081318567493572043969250926821148314939772321125005191855773263425592413500500187219657671474598433245990469891206032313221275047352047349336858768194029692195440
39	15144091250587173091803452150523474425773134291179606367080168282392994154290746343226917466534927489769923429499531951984532062252368833236248910217905026947249638960082018562619851714577463793600246649776187812082998822789057691628985641279152131017649643824751519644133202368108542864210598430452113711347936816831974139619868442979175038247916826470939266980673550002756764159931328871309490264838373305504734319480129058294696142164
40	2349487536186764851193222853929185849958744745657609858563290031858855536067445829093593538303214871949540234943211832283152273578681937414310777378452468064972623415722357848022905845823428262862604390851328904525259752238080324326812818729079662608105433704383070210970295613825155573131999637036774553173368493730294013902480786735138353201113352488649574498435437368038204007530828864451520171121938651894073198056177291067950156322489116916931846234997448
41	1454283651791017469731939311758328530373685495753946338544344602981918741543119780104975267323259799131500733522101378547011805032553324174358420676684409670153214718141263255893963408532108515349575471457971275658390682348149065045304945424015846679604885507782837911569106144196073882272397114812442529954168968269376690537563769101384041806459977914201750493811588972668345925053113011160121385852396394869265756813497541773560531885636602924276208415509660322072412504207688578816
42	3605195182558104953176264688595886693120489337071157643819241513922926774970205117836227937958900624630659849654643319992033041720594359714263639509794747737896283323501401494755573191067147009431667269569370566386577058371648756346063219073680524045779879147977203057843640624486990932308843082865556983535261894076757494131216742827397943333947387881277535171214732526974204454286125482939026714184621876670828357074213130143802481591052932718637398935139919530174705117639630407700382712395407582274052400
43	35666403512163088087505748876520955714915515664162694677847534979573706844368508486475669593430156332534952252307527276262748550184799512551735723255620884907074917835730546192943571726901940803793596596313080844357193045864301133196871724172518505584596285962837295729250353530012378137011582652710263358079962879411790390602994136922549031336152742373412146697195040373268292650380652409151469481999457953999378449133109125895107685276067000381256171959426590981138110790071367424185083528725895437783925572048953963951197120670392
44	1413002475638481071269250548726068654207519762401490149125465238774192660060314584076030006592783376097928982136611708285535700707899107527094513225557076626856037929464409652072278574994615011119591568770035392416796855901126729578978946756235569518651129204097390382507777217686364468468473578503330131297477442411670267891857871505493931817961232819518002409603301690942373746483898076133983168922380429261394520240842916919016481700740864969343209720831011990734390068517560501089583104743496398227040074054824787335371873615877281917143618354104772567280
45	223443692327756118236861286459493627121877835548842742683132068532413915588580838731964242684355738256303419862603431393684391293430640922286684969096014999023264758843314120835914537176561374499930334477208418297880031494944021782795231298228292167569647395565621915780001692450428082587802024705679123237242598054130752546858027502097286859374099567868800359201534245159999130972160285078791233084341629861142404892313282559056615612426605987024387444512362152066947515735334969233990592647136726083727045942001644808191881338022614371020246347124839432093678041903070080721317775200
46	141482421018469503915780710554576525728994812512139186931358471975355909592696005401907890717545411174821036869620257321036574169192653017467464870766563103821803648500843344528921265232124716143760930290154227033711599188172023567362473579640404458949480203102793070514040301011281835570690397870501855949065561520785803041973087539796704235482677962523180073228971256546271557158370797563871771170587072462357720078548642030068448150412598203479644145405993565629180431567670714353194641302287219994945565571188897212789548117557403577311234114577030921137669808913207660147476714163880360888849881562213895760
47	357649344677915649864068836463575383956998347794225967033404967832271686382936040035235532463712741931598504397161088695744165069103309147919234678789965634467616768501635524742723919167796970741256823106786081193367165669988701862648104755600983920636361666024150113033336984094869717701233319962160231827744530466020387388631468079282905676508748099541567926942881779289236349511219082826266326740114284831020324949310050560624103859590347655419904601801799703839735129758359909329716188661240751800161415695517535899431641845394789807065336695839985112007937325048073900124507537894742600745292929917209273108512299509246794074432230890
48	3619789658363949897643132919547691788089032732436233467822138029814082367577340311369553505412081106010062092581927486290278568933494503542017416833996778691288828192838117539780674781212742899356743429319319912429854643984629886788822083943315450422466825729363684496079160890539286351719548392037855703607354774538301470553948017398751876450807228923942231176787584086755240667747604843988759766731606368254452335270388862612207085508068495465601679269013827170349254480287922877965303971205224854805414867532039536662392317775351061866531942542773673328302302643762596823719290947035433007732836750641176351543451313011170446199012327664459047756731019578048079496
49	146284741082424421688973499348324877561055445221301548658363207866205911007374253427166660215442807295981837081389130849260885751541626073930184540835829781153689941017492423208385957428065701673164672074164382487302673615272384371727748928340856771785942087549743551359442069118541356481135589276100149135581170674018968664772616990013184780870563523957132284630006857102418858422020352851858895015077375048433571998866722095644044773660695051474209141999650899396096816792697281750903989955732281550127913551659597946239396832036266958039449194899884003117690489323989324396239050807422584193355241116320338789673671620531421938094753836846488191862107377234858282359783483515295975357132057908
50	23667484539552383458069782200209052145556009958597486481256433558019011592915843696140610753189235156200643748793885861134870098656316617014322605549752982159272548176112980515413616235645535657015979701884414362506355056410626200774188230393802767851708248189488969895670889713510132722076838325213611577682174270468903341906581006281881717095860872059058952654691865478718601346033559627730356214591352249060560053213349765575247958479030508326652178156955514668139293826997624386886577113111093134625932012837858532678421350578073096833535090543200245625790756377411574224553299784629243589234178335412419656544761976701610686667886424962659133533827401641210134048930749179243475597726872382588134520880305402781700040464
