1	0E-100
2	1.0000000000000000000000000000000000000000000000000000000000000000000000000000000000000000000000000000
3	0.2857142857142857142857142857142857142857142857142857142857142857142857142857142857142857142857142857
4	0.1386169386169386169386169386169386169386169386169386169386169386169386169386169386169386169386169386
5	0.0477087860315751014364555891006288098763532873103474799530796300213449224083225967732630809760975328
6	0.0180017891303504863448151566401439766964135509913554677250927597740608892078997433790325969024395702
7	0.0059178559087790999136586011983529294070357391231182858768727374096063225380789100584715254358006384
8	0.0019832245910925146242154023994019824061265525636645645993926223504733556674676262469344989356025807
9	0.0006168524384080304971256249620825439035967826677042792868764512409285790225253896340602785858788704
10	0.0001931476180533978421034637324821065443720264444083120314569418155871282233635865958897733279669434
11	0.0000577719528853664561853853073336195938817206536739147291175240519821336891430054298313329382135962
12	0.0000173392287693867105505586386450621686298252353340041558163766669597174251464757165446337965381566
13	0.0000050463892198968558161107530316171100409568158317737894812652019764494987148411689349820056572567
14	0.0000014717935656114795899248788751817494394407478931919335638576140581347903309002051672526596687191
15	4.198609914823119526465507826433156281936981192950145266340308630751751710054803562896663148230E-7
16	1.199418193787164186129829227261243639759666532657045972642856386847522630492488464680169721508E-7
17	3.36961424412486957331099316553524215414615766528691102795976782425047327050580895743466985811E-8
18	9.4756257511064028793916164934013036352430209082177262769292205787117047278315390798319484173E-9
19	2.6299944202821051363136888453751593535872574029052123282162379425886551306782460933148020882E-9
20	7.304651087913865167318227778071340653674714722811449082386873307135039389401525283668889088E-10
21	2.007578578625563824842649694968625234853585310273126626447274586267785803205658179482613441E-10
22	5.52031548081465866288320646474847743918191556541026187873366228125157550154424939063785046E-11
23	1.50485920090879614832336598830978234669583729866431538088540536631376722622927818530724512E-11
24	4.1038563522753120972917047086843953880103291791452288618797796101491826996120920887817874E-12
25	1.1110718881942861685478204060062004463184172363711449670780392580258064632136991624359934E-12
26	3.008976448151136506507175452542660524232655286778259929561825833442539873325714414568003E-13
27	8.09885262270614853087597802698694132177066454209767845461727076609213928459117211909212E-14
28	2.18035787294692563267992825640936247423300120903368169344731047889422080056197459402042E-14
29	5.8389497614582686213982476388237729574971940012841016431260389921914216703264001650539E-15
30	1.5639447227464316208253939726168571017938506347993117952272252581370718016448261310481E-15
31	4.169766308647997914079707022786988768528338874315053052674774579004823587752297722033E-16
32	1.111902772406116214713600365921665156557517802281487110245423379129910287702631366496E-16
33	2.95305169531546546962393380971241905771573172825854526457288588659788145163439667027E-17
34	7.8438385420627048782912309141410874494059161113653590778604798300374888959992996982E-18
35	2.0760519449213050299411537382798689820781689017676205059170304108343978976192654330E-18
36	5.495310777091052750229119477942648360843123198970898582826493675704498429160252296E-19
37	1.449999321405692411424414651475415312965674113775898333910067514634833642410051006E-19
38	3.82631564347175773530870733074102808024098127062565149477169634613426534342707812E-20
39	1.00683525387103440278783359711945862180374126350523929633546481923699777909149534E-20
40	2.6495240832560833645382127361092586012114485033699317346474373578960282435726172E-21
41	6.954467717218730582268537081278495513280470126338293931548623161317833612199841E-22
42	1.825522581064720510802792685687473891433809027882559999604098929425930158501666E-22
43	4.78081377474056937850336633560651837811420726478448922128689483702546475445754E-23
44	1.25210287773902470386110260270237687507953469420969452416094982988046307870014E-23
45	3.2723528684913416598635290293409806132159052723710260480661812335820803219598E-24
46	8.552650767956545699808162452090638971247068199086132256033480897107937504811E-25
47	2.231013589098236237356711050226135625838997985730760756745664905197050107658E-25
48	5.81998177901173018029971451667219402019742923009714665661576443134202380672E-26
49	1.51555282887848492762736394933929477335246064494645473141647251198761201239E-26
50	3.9467199815158790040295493600955394786022563120655593488563376434839393009E-27