5	0.3694	0.2269	0.4037	3.952084461288576	3.8205	4.0588	3.9653090099999995
6	0.3397	0.3243	0.336	4.452752428613483	4.5315	4.5433	4.508714250000001
7	0.2935	0.3012	0.4053	4.921976149914821	4.9562	5.1352	5.0187040000000005
8	0.274	0.3677	0.3583	5.377737226277373	5.5418	5.5177	5.48821177
9	0.2619	0.3328	0.4053	5.7315769377625045	5.867	6.0151	5.891557629999999
10	0.2426	0.3818	0.3756	6.13767518549052	6.3485	6.3209	6.28698734
11	0.241	0.3539	0.4051	6.462655601659751	6.6278	6.7409	6.63381701
12	0.2237	0.3862	0.3901	6.75324094769781	7.011	7.0144	6.95466564
13	0.2219	0.3664	0.4117	6.992338891392519	7.2414	7.3597	7.23483745
14	0.2251	0.3891	0.3858	7.307863171923589	7.5994	7.5981	7.53327352
15	0.2167	0.3776	0.4057	7.531149053991694	7.7998	7.8867	7.776838670000001
16	0.2183	0.3907	0.391	7.7636280348144755	8.0829	8.0864	8.01457143
17	0.2104	0.3839	0.4057	7.98574144486692	8.2773	8.3317	8.23802616
18	0.2022	0.3973	0.4005	8.166666666666666	8.4763	8.4947	8.42106134
19	0.1984	0.3789	0.4227	8.352318548387096	8.6687	8.771	8.64917213
20	0.2058	0.3964	0.3978	8.566083576287658	8.8745	8.9096	8.824990679999999
21	0.2033	0.3813	0.4154	8.725528775209051	9.0274	9.1044	8.99801538
22	0.1985	0.4066	0.3949	8.882619647355163	9.2645	9.2404	9.179179659999999
23	0.1999	0.3884	0.4117	9.046023011505753	9.3665	9.4412	9.333190640000002
24	0.2004	0.4024	0.3972	9.175149700598803	9.5572	9.5456	9.4760296
25	0.1914	0.4048	0.4038	9.340647857889238	9.7004	9.6942	9.62903988
26	0.1969	0.3956	0.4075	9.477399695276791	9.8313	9.843	9.766384780000001
27	0.1943	0.3933	0.4124	9.598044261451363	9.9366	9.9935	9.89428418
28	0.1896	0.409	0.4014	9.666139240506329	10.1033	10.0789	10.01062016
29	0.1882	0.4014	0.4104	9.802869287991498	10.1917	10.2275	10.13321438
30	0.1929	0.4019	0.4052	9.956972524624158	10.342	10.3533	10.272306960000002
31	0.1857	0.4015	0.4128	10.07700592353258	10.433	10.4625	10.3790695
32	0.1891	0.401	0.4099	10.186144896879957	10.5791	10.5901	10.509301090000001
33	0.189	0.4042	0.4068	10.341269841269842	10.6824	10.7019	10.625859
34	0.188	0.3977	0.4143	10.374468085106383	10.7547	10.7881	10.69705402
35	0.1834	0.4062	0.4104	10.505452562704471	10.8679	10.894	10.81213858
36	0.1901	0.4011	0.4088	10.568648079957917	10.9938	10.9711	10.90369886
37	0.1845	0.4003	0.4152	10.631436314363144	11.059	11.1018	10.997885060000002
38	0.1863	0.4117	0.402	10.71551261406334	11.187	11.1428	11.081393499999999
39	0.186	0.4069	0.4071	10.871505376344086	11.2737	11.2693	11.197100559999999
40	0.1792	0.4121	0.4087	10.905133928571429	11.3202	11.3071	11.240466190000001
41	0.1864	0.405	0.4086	11.028969957081545	11.4034	11.4306	11.344720160000001
42	0.1861	0.407	0.4069	11.116066630843633	11.517	11.5141	11.44120629
43	0.1781	0.4065	0.4154	11.18192026951151	11.5847	11.5899	11.515125009999998
44	0.1791	0.4091	0.4118	11.252372975991067	11.6478	11.6625	11.58303248
45	0.1818	0.4063	0.4119	11.330033003300331	11.7285	11.7398	11.660713170000001
46	0.182	0.4038	0.4142	11.429120879120878	11.8239	11.8024	11.7431449
47	0.1783	0.4123	0.4094	11.53785754346607	11.8907	11.8964	11.83012177
48	0.1821	0.4087	0.4092	11.538714991762768	11.9349	11.9325	11.86177263
49	0.1802	0.4067	0.4131	11.632630410654828	11.9912	12.0069	11.933071429999998
50	0.1843	0.4115	0.4042	11.676071622354856	12.0822	12.0743	12.00415736
51	0.1752	0.4144	0.4104	11.740867579908675	12.1556	12.1334	12.073827999999999
52	0.176	0.4097	0.4143	11.822727272727272	12.219	12.1951	12.139354229999999
53	0.1761	0.4099	0.414	11.802385008517888	12.2532	12.2546	12.17439108
54	0.1795	0.408	0.4125	11.943175487465181	12.3247	12.3367	12.26116635
55	0.1816	0.4115	0.4069	12.010462555066079	12.3997	12.3759	12.31933026
56	0.1884	0.4025	0.4091	12.10244161358811	12.4478	12.4725	12.392839250000002
57	0.182	0.4071	0.4109	12.095054945054946	12.4925	12.4983	12.42254822
58	0.176	0.4211	0.4029	12.21875	12.6069	12.5547	12.51755422
59	0.185	0.4088	0.4062	12.228108108108108	12.6298	12.6227	12.55260298
60	0.1749	0.4097	0.4154	12.246426529445397	12.6885	12.7054	12.61820161
61	0.1837	0.4102	0.4061	12.385410996189439	12.751	12.764	12.689120599999999
62	0.1804	0.4167	0.4029	12.358647450110865	12.7946	12.7786	12.709507760000001
63	0.1718	0.4107	0.4175	12.39988358556461	12.8239	12.8255	12.75172198
64	0.1816	0.4061	0.4123	12.470264317180616	12.8762	12.9146	12.818314400000002
65	0.1731	0.4191	0.4078	12.456383593298671	12.9088	12.9008	12.82722432
66	0.1776	0.4092	0.4132	12.593468468468469	13.0185	13.0199	12.94359288
67	0.177	0.4134	0.4096	12.672881355932203	13.0591	13.0677	12.99426186
68	0.1746	0.41	0.4154	12.665521191294387	13.0809	13.094	13.013816599999998
69	0.1736	0.4078	0.4186	12.67799539170507	13.1154	13.1586	13.057550079999999
70	0.1779	0.4105	0.4116	12.72512647554806	13.1671	13.1576	13.08456271
71	0.1684	0.4144	0.4172	12.820665083135392	13.2222	13.2369	13.16071436
72	0.1752	0.4066	0.4182	12.871004566210045	13.2472	13.2905	13.19939862
73	0.1809	0.4052	0.4139	12.875069098949696	13.2842	13.3007	13.21701757
74	0.1801	0.4099	0.41	12.959466962798444	13.3557	13.3416	13.27855743
75	0.1744	0.4129	0.4127	13.001720183486238	13.3931	13.4167	13.334583080000002
76	0.1753	0.4155	0.4092	13.001711351968055	13.4543	13.446	13.371564849999999
77	0.1756	0.4079	0.4165	13.06378132118451	13.4651	13.5072	13.41216309
78	0.1817	0.3999	0.4184	13.11117226197028	13.5109	13.5572	13.45764139
79	0.1769	0.408	0.4151	13.206896551724139	13.5665	13.5873	13.511520229999999
80	0.1787	0.4011	0.4202	13.222719641857863	13.571	13.6283	13.53283976
81	0.1785	0.4105	0.411	13.257703081232494	13.6468	13.6538	13.5802232
82	0.1821	0.4167	0.4012	13.251510159253158	13.6953	13.6728	13.60545887
83	0.1773	0.4043	0.4184	13.341793570219966	13.7141	13.7389	13.658466390000001
84	0.1754	0.4171	0.4075	13.338084378563284	13.7706	13.7701	13.69453301
85	0.1733	0.4069	0.4198	13.369878822850549	13.8052	13.8268	13.73882652
86	0.1807	0.4065	0.4128	13.475373547315993	13.8165	13.829	13.760018449999999
87	0.1755	0.4119	0.4126	13.446153846153846	13.8764	13.8895	13.80629686
88	0.1792	0.4131	0.4077	13.478794642857142	13.9027	13.897	13.82441227
89	0.1756	0.414	0.4104	13.508542141230068	13.9583	13.9591	13.879650839999998
90	0.1775	0.4161	0.4064	13.623098591549295	13.9793	13.9558	13.90652385
91	0.1793	0.4158	0.4049	13.617958728388176	14.0339	14.0146	13.95150716
92	0.1731	0.4073	0.4196	13.652224147891392	14.075	14.0923	14.009076579999999
93	0.1725	0.4015	0.426	13.66608695652174	14.0476	14.1026	14.005219
94	0.1714	0.4146	0.414	13.743290548424737	14.12	14.122	14.05626
95	0.1762	0.4117	0.4121	13.666288308740068	14.1416	14.1468	14.059993000000002
96	0.1729	0.4219	0.4052	13.768074031231926	14.2251	14.1647	14.12160613
97	0.1673	0.4236	0.4091	13.818290496114765	14.237	14.2178	14.159095180000001
98	0.1751	0.4078	0.4171	13.885208452312964	14.2313	14.2616	14.1833375
99	0.1734	0.4108	0.4158	13.837370242214533	14.2644	14.2783	14.19613266
100	0.1753	0.4147	0.41	13.871648602395894	14.2931	14.2945	14.21979357
